1.745 2
2.156 0
2.640 1
3.072 2
3.527 1
3.978 2
4.423 1
4.874 0
5.355 1
5.780 2
6.205 1
6.631 0
7.053 1
7.491 2
7.957 1
8.371 0
8.822 0
9.275 0
9.737 1
10.187 2
10.618 2
11.067 2
11.520 1
11.932 0
12.373 0
12.812 0
13.261 1
13.684 2
14.167 1
14.605 2
15.077 2
15.485 1
15.920 0
16.347 0
16.784 0
17.251 0
17.714 0
18.159 1
18.613 1
19.043 2
19.484 2
19.910 2
20.372 2
20.815 2
21.247 1
21.699 2
22.201 1
22.583 2
22.988 1
23.414 0
23.926 1
24.367 0
24.811 1
25.234 2
25.696 2
26.114 1
26.537 0
27.042 1
27.455 0
27.918 1
28.349 2
28.794 1
29.251 2
29.688 1
30.134 0
30.583 1
31.001 0
31.469 1
31.903 2
32.389 1
32.870 2
33.277 1
33.692 1
34.177 1
34.597 0
35.055 0
35.530 0
35.969 1
36.369 2
36.826 2
37.280 2
37.723 1
38.160 0
38.633 0
39.116 0
39.586 1
40.010 2
40.475 2
40.864 2
41.289 1
41.697 0
42.150 0
42.590 1
42.943 2
43.463 2
43.926 1
44.362 2
44.790 1
45.279 2
45.694 1
46.093 0
46.532 1
47.043 2
47.515 1
47.886 0
48.383 1
48.834 2
49.297 2
49.718 2
50.165 2
50.627 1
51.057 0
51.490 0
51.970 0
52.449 1
52.854 2
53.272 1
53.639 0
54.152 0
